age,job,marital,education,balance,contact,campaign,previous,poutcome,purchase_product,purchase_service
56,services,divorced,secondary,43740,telephone,3,6,success,1,0
46,technician,married,tertiary,39075,telephone,17,8,failure,0,0
32,management,married,tertiary,2956,telephone,28,5,unknown,0,1
60,admin,married,primary,8195,unknown,19,7,unknown,0,0
25,services,married,tertiary,15076,cellular,14,5,success,1,1
38,admin,married,primary,-895,cellular,22,1,success,0,0
56,admin,single,primary,49313,telephone,23,0,failure,0,0
36,admin,divorced,primary,13417,telephone,8,4,failure,0,0
40,blue-collar,single,secondary,22729,telephone,13,8,success,1,1
28,blue-collar,married,secondary,44956,telephone,27,7,unknown,0,0
28,admin,married,primary,28099,cellular,20,3,failure,0,1
41,services,married,tertiary,30598,unknown,3,4,success,0,0
53,management,single,primary,27961,unknown,5,4,success,0,1
57,management,single,tertiary,10602,unknown,9,5,unknown,1,0
41,technician,married,primary,7256,unknown,29,2,success,1,0
20,services,single,tertiary,18584,telephone,6,4,success,0,1
39,blue-collar,single,secondary,44980,telephone,25,1,failure,1,0
19,admin,married,tertiary,32681,telephone,22,9,success,0,0
41,technician,single,primary,23792,unknown,2,0,success,0,0
61,management,divorced,secondary,19904,telephone,13,0,failure,0,1
47,blue-collar,divorced,tertiary,41361,telephone,5,9,unknown,0,1
55,blue-collar,divorced,tertiary,32540,cellular,28,6,unknown,1,0
19,admin,divorced,tertiary,24536,cellular,27,1,failure,0,0
38,management,married,tertiary,17164,telephone,25,3,failure,0,1
50,services,married,tertiary,10996,cellular,8,4,unknown,0,0
29,blue-collar,married,secondary,871,cellular,23,6,unknown,0,1
39,admin,divorced,secondary,44002,telephone,1,1,unknown,0,0
61,services,divorced,secondary,47812,telephone,20,5,unknown,0,1
42,management,single,secondary,20626,telephone,12,0,unknown,1,1
44,blue-collar,single,primary,8521,telephone,23,6,failure,0,1
59,services,divorced,secondary,41410,unknown,11,8,success,0,1
45,services,divorced,tertiary,-868,unknown,7,4,unknown,1,0
33,services,divorced,tertiary,31467,telephone,15,4,unknown,1,0
32,blue-collar,divorced,secondary,12534,cellular,22,3,success,0,0
64,blue-collar,single,tertiary,21854,telephone,24,2,success,1,1
61,technician,divorced,secondary,40998,telephone,11,8,success,0,1
20,management,single,tertiary,37065,cellular,29,4,success,0,1
54,admin,divorced,primary,43607,unknown,22,7,success,0,0
24,services,divorced,primary,5812,telephone,26,8,success,1,0
38,technician,divorced,secondary,2557,telephone,16,4,failure,0,0
26,admin,single,secondary,179,unknown,3,9,success,0,1
56,technician,single,secondary,41798,unknown,20,8,success,0,0
35,blue-collar,married,tertiary,7065,cellular,14,1,failure,1,0
21,services,divorced,secondary,6275,unknown,3,8,success,0,1
42,admin,married,primary,48574,unknown,1,3,unknown,0,0
31,admin,married,tertiary,45857,unknown,26,5,unknown,0,0
26,admin,single,secondary,33948,cellular,21,5,success,1,0
43,admin,single,tertiary,18700,unknown,15,5,failure,1,1
19,admin,married,tertiary,37464,unknown,1,1,unknown,0,0
37,technician,divorced,secondary,40351,cellular,17,6,failure,0,1
45,services,single,tertiary,25794,unknown,2,5,unknown,1,0
64,blue-collar,divorced,primary,26783,unknown,29,0,success,0,1
24,blue-collar,divorced,primary,14998,cellular,20,1,failure,1,0
61,blue-collar,married,tertiary,11869,telephone,6,6,failure,1,0
25,blue-collar,married,secondary,42525,cellular,8,0,failure,0,1
64,technician,married,tertiary,26152,unknown,29,0,unknown,0,1
52,management,married,primary,18954,unknown,16,0,unknown,0,0
31,services,single,tertiary,29555,unknown,19,7,unknown,0,1
34,admin,single,tertiary,14654,cellular,1,3,success,0,0
53,management,married,primary,43026,unknown,3,3,unknown,0,1
57,blue-collar,single,tertiary,33236,unknown,28,1,success,0,1
21,management,married,tertiary,44976,cellular,3,0,failure,0,0
19,services,divorced,secondary,13042,telephone,5,9,failure,0,1
23,admin,divorced,secondary,23966,telephone,27,8,success,0,0
59,admin,divorced,primary,46407,unknown,12,6,unknown,1,0
21,services,married,primary,42314,cellular,12,3,success,0,1
46,services,divorced,primary,43095,unknown,20,5,failure,1,1
35,blue-collar,single,secondary,12270,cellular,13,1,failure,0,0
43,admin,divorced,primary,28908,cellular,20,6,success,0,0
61,management,divorced,primary,13523,telephone,9,1,unknown,1,0
51,technician,divorced,primary,45068,telephone,7,9,unknown,0,1
27,technician,single,secondary,17991,cellular,4,7,success,0,0
53,services,married,tertiary,8775,unknown,19,7,success,0,0
31,blue-collar,single,primary,10265,telephone,22,0,unknown,0,0
48,technician,married,tertiary,17459,unknown,19,7,failure,0,0
32,admin,married,primary,14673,telephone,6,1,success,0,0
25,services,divorced,tertiary,25056,telephone,27,5,unknown,0,0
31,management,married,secondary,4614,unknown,13,0,unknown,0,0
40,services,single,secondary,34020,telephone,11,4,failure,0,0
57,management,single,primary,5415,telephone,13,6,failure,0,1
38,services,married,tertiary,21155,unknown,13,9,failure,0,0
33,services,divorced,secondary,47430,telephone,28,0,failure,0,1
62,services,divorced,primary,41884,telephone,25,1,failure,1,1
35,management,single,primary,14964,telephone,22,6,success,0,1
64,management,divorced,secondary,35726,unknown,28,5,unknown,0,1
41,services,married,secondary,35044,cellular,20,2,success,0,0
43,technician,married,primary,35544,unknown,15,9,success,1,0
42,blue-collar,single,tertiary,47976,cellular,21,1,success,0,0
62,blue-collar,married,tertiary,30252,telephone,13,9,success,1,0
58,blue-collar,single,tertiary,1832,cellular,22,3,success,0,1
46,management,married,primary,23275,unknown,11,2,failure,0,1
32,management,single,secondary,12901,unknown,19,6,failure,1,1
62,technician,divorced,primary,36213,telephone,8,7,unknown,0,0
18,blue-collar,married,secondary,32148,cellular,20,1,success,0,1
42,blue-collar,married,tertiary,40633,telephone,8,9,unknown,1,0
24,services,single,tertiary,20918,telephone,10,6,failure,1,0
26,management,single,secondary,44694,unknown,26,7,failure,0,0
41,blue-collar,married,secondary,17540,cellular,16,5,failure,0,1
18,technician,single,primary,9580,cellular,19,5,success,1,0
61,technician,married,tertiary,36402,cellular,26,9,success,0,1
25,blue-collar,divorced,primary,36578,cellular,23,0,failure,1,1
41,management,single,primary,22917,telephone,11,3,unknown,0,1
28,technician,married,primary,20318,telephone,13,0,unknown,0,0
34,services,divorced,tertiary,8179,unknown,28,3,failure,1,1
25,technician,divorced,primary,10251,telephone,9,1,unknown,0,1
52,admin,married,primary,43899,telephone,20,4,failure,0,0
52,admin,single,primary,17493,unknown,24,9,unknown,0,0
50,management,married,primary,18466,unknown,19,8,failure,0,0
22,blue-collar,divorced,primary,28206,unknown,16,9,unknown,0,0
59,management,married,primary,43475,telephone,7,2,success,1,0
56,management,single,tertiary,17624,telephone,19,7,failure,0,1
58,management,divorced,primary,24564,unknown,12,2,failure,0,0
45,management,married,secondary,20412,unknown,15,5,unknown,1,0
24,services,single,primary,25990,unknown,23,3,failure,0,1
26,services,divorced,primary,49001,telephone,14,7,failure,0,0
25,technician,single,tertiary,33517,telephone,11,5,failure,0,1
29,admin,divorced,tertiary,11156,cellular,26,7,success,1,0
51,management,married,secondary,21064,telephone,10,0,success,0,0
50,technician,single,secondary,23711,telephone,27,5,unknown,0,0
40,admin,divorced,tertiary,28106,telephone,11,0,success,0,0
41,blue-collar,single,tertiary,14589,unknown,6,0,unknown,0,0
54,services,single,primary,21736,telephone,2,7,success,0,1
52,admin,married,tertiary,18975,unknown,11,6,unknown,0,0
61,blue-collar,single,secondary,34218,cellular,19,2,success,0,1
57,admin,divorced,primary,5214,cellular,6,5,success,1,0
39,services,divorced,secondary,28581,unknown,14,8,unknown,0,0
44,services,divorced,primary,18195,unknown,20,6,failure,0,1
52,technician,divorced,tertiary,42582,unknown,6,2,failure,0,0
18,management,married,secondary,25127,telephone,17,5,success,0,1
52,admin,single,primary,3141,cellular,10,3,unknown,0,1
54,admin,married,primary,26884,unknown,28,2,failure,0,1
64,blue-collar,single,tertiary,22885,telephone,1,8,unknown,0,0
31,services,single,tertiary,708,cellular,3,9,failure,1,0
20,admin,single,tertiary,16375,telephone,8,1,unknown,0,1
18,services,married,secondary,13088,cellular,8,0,success,0,1
22,admin,single,primary,42602,telephone,27,1,unknown,0,0
43,technician,married,tertiary,43046,cellular,20,6,failure,0,0
31,management,divorced,secondary,8014,cellular,22,9,success,0,0
56,admin,divorced,secondary,1273,telephone,15,0,unknown,0,0
44,services,single,secondary,45135,unknown,24,5,failure,0,0
26,technician,married,tertiary,35306,cellular,7,6,success,1,0
32,admin,divorced,tertiary,28881,unknown,11,8,unknown,0,1
32,blue-collar,married,primary,29486,telephone,7,7,failure,0,1
43,management,married,primary,10541,unknown,29,5,unknown,0,1
59,admin,single,tertiary,6712,unknown,4,2,unknown,0,0
30,technician,divorced,secondary,7168,unknown,25,7,success,0,0
49,blue-collar,single,secondary,1551,unknown,12,6,success,1,1
56,technician,single,secondary,10297,unknown,26,2,failure,0,1
49,technician,divorced,primary,41733,cellular,6,8,success,1,1
21,blue-collar,divorced,secondary,25128,cellular,14,1,failure,1,1
47,technician,married,primary,832,cellular,12,2,unknown,0,0
54,blue-collar,divorced,primary,26483,telephone,11,1,unknown,0,1
40,admin,married,secondary,20063,unknown,19,0,failure,0,0
56,blue-collar,married,secondary,20963,cellular,21,3,unknown,0,0
62,blue-collar,married,tertiary,11422,telephone,5,4,success,1,1
32,management,divorced,tertiary,30920,cellular,14,5,unknown,0,0
60,blue-collar,single,secondary,9156,cellular,21,4,success,1,0
46,blue-collar,married,primary,9108,unknown,24,0,failure,0,0
53,admin,single,primary,29845,telephone,16,2,failure,1,0
30,management,single,primary,800,unknown,25,0,unknown,1,1
49,services,divorced,primary,36078,unknown,13,4,unknown,0,0
24,admin,single,primary,40712,cellular,25,4,success,0,0
39,admin,single,tertiary,610,unknown,29,5,success,0,0
45,services,divorced,secondary,10067,telephone,22,7,unknown,1,0
19,blue-collar,married,tertiary,31872,unknown,22,9,unknown,1,0
59,technician,single,primary,8728,unknown,25,0,failure,1,1
62,management,divorced,primary,27566,unknown,20,3,failure,0,0
23,technician,single,primary,27783,cellular,22,9,failure,0,1
45,services,single,primary,18583,telephone,4,0,unknown,1,1
45,admin,married,secondary,18238,cellular,11,8,unknown,0,1
61,admin,single,primary,5263,cellular,17,6,unknown,1,0
61,management,divorced,secondary,-86,cellular,7,6,failure,0,0
37,admin,single,primary,21749,cellular,14,4,unknown,0,1
47,admin,married,secondary,17456,cellular,26,6,success,0,0
28,management,married,tertiary,23582,telephone,11,1,unknown,0,1
45,management,divorced,primary,-1594,unknown,28,3,unknown,0,1
42,services,married,secondary,11689,cellular,22,6,unknown,0,1
56,admin,single,tertiary,30934,cellular,9,2,unknown,0,1
50,admin,married,primary,31276,telephone,23,1,unknown,0,0
18,services,divorced,primary,48813,telephone,13,9,success,0,0
44,blue-collar,married,primary,34432,unknown,23,1,success,1,1
30,blue-collar,married,secondary,17873,telephone,18,0,unknown,1,0
58,blue-collar,married,secondary,11050,unknown,28,4,failure,1,0
20,services,divorced,tertiary,-1320,cellular,11,5,unknown,1,1
56,admin,married,secondary,16908,cellular,15,5,unknown,0,0
23,services,married,secondary,16504,unknown,25,8,unknown,0,1
25,services,single,primary,19644,telephone,26,3,failure,0,1
44,blue-collar,divorced,primary,35125,unknown,25,0,failure,1,0
26,technician,married,primary,-637,telephone,22,5,failure,0,1
54,admin,divorced,primary,40291,cellular,29,4,success,0,1
50,blue-collar,married,primary,33060,telephone,19,9,failure,1,1
59,technician,married,primary,-462,unknown,1,5,success,0,0
61,technician,married,primary,34176,unknown,4,2,success,0,0
41,management,single,tertiary,39520,cellular,14,1,failure,0,1
32,admin,single,tertiary,23675,telephone,14,5,failure,0,0
49,technician,single,tertiary,16287,telephone,3,0,failure,0,0
49,blue-collar,divorced,tertiary,-1826,telephone,28,6,success,0,1
41,management,divorced,primary,24732,cellular,17,6,unknown,0,0
58,admin,single,tertiary,32998,telephone,3,9,failure,0,0
29,services,divorced,primary,35055,unknown,16,6,failure,1,0
56,blue-collar,married,tertiary,10112,telephone,14,9,failure,1,0
19,technician,married,secondary,37874,cellular,20,0,success,0,1
20,technician,married,tertiary,7689,telephone,29,3,success,1,0
54,blue-collar,single,tertiary,42814,telephone,13,6,unknown,0,0
34,technician,divorced,primary,17555,unknown,15,8,failure,0,1
19,management,single,tertiary,48719,telephone,14,4,success,0,1
19,admin,divorced,secondary,31919,unknown,24,1,unknown,0,1
45,management,married,primary,5619,unknown,25,6,failure,0,0
40,technician,single,primary,4033,cellular,19,9,success,0,0
54,services,divorced,tertiary,39328,unknown,6,0,failure,0,1
49,admin,divorced,primary,2946,unknown,10,6,failure,1,0
50,admin,married,primary,22618,cellular,27,5,success,0,1
18,blue-collar,single,primary,32675,unknown,15,6,success,0,0
36,blue-collar,single,primary,34258,cellular,21,9,success,0,0
19,services,single,primary,16919,telephone,22,2,failure,0,1
61,admin,married,primary,2173,cellular,20,2,failure,0,1
43,services,single,secondary,41833,unknown,26,6,unknown,0,1
49,blue-collar,married,tertiary,24400,cellular,6,1,failure,0,0
23,blue-collar,married,secondary,48445,unknown,23,0,success,1,0
49,admin,married,primary,2769,telephone,25,8,failure,0,0
21,management,divorced,primary,35564,cellular,10,8,unknown,1,0
28,technician,single,tertiary,43814,telephone,7,6,unknown,0,0
34,blue-collar,single,secondary,12211,unknown,22,6,success,0,0
55,blue-collar,married,tertiary,21255,unknown,17,2,success,0,0
41,management,married,secondary,25962,telephone,18,9,unknown,0,1
22,management,single,primary,17356,cellular,17,1,unknown,0,1
51,services,married,tertiary,18306,cellular,9,6,unknown,0,1
23,services,single,tertiary,2997,unknown,10,8,success,1,0
39,technician,divorced,primary,15376,telephone,10,0,unknown,1,1
28,technician,married,tertiary,38880,telephone,25,3,unknown,0,0
33,admin,single,secondary,36055,cellular,7,5,success,0,0
50,services,married,secondary,8578,cellular,16,6,failure,0,1
26,blue-collar,single,secondary,16624,cellular,29,9,failure,0,0
23,services,single,secondary,48628,telephone,18,6,unknown,1,0
33,blue-collar,married,primary,37194,cellular,6,9,failure,1,0
46,management,divorced,tertiary,42367,cellular,27,1,failure,1,0
20,services,single,secondary,-1611,unknown,20,3,failure,0,1
37,management,single,primary,31767,cellular,1,4,failure,0,1
53,technician,single,tertiary,43580,cellular,1,0,unknown,0,1
36,technician,divorced,tertiary,46367,telephone,12,0,failure,1,0
43,admin,divorced,primary,-145,telephone,21,9,failure,0,1
20,services,married,primary,38893,unknown,28,2,success,0,0
36,management,divorced,secondary,11794,cellular,2,9,unknown,0,0
37,blue-collar,married,tertiary,33531,unknown,4,2,success,1,1
49,technician,married,tertiary,2986,telephone,17,7,success,0,0
24,technician,divorced,primary,30298,unknown,4,8,unknown,0,1
58,blue-collar,married,tertiary,-519,telephone,11,0,failure,1,0
50,management,divorced,secondary,1731,unknown,22,1,success,1,1
57,management,married,tertiary,14835,unknown,26,9,unknown,0,1
56,services,divorced,primary,25798,cellular,4,1,failure,0,0
35,services,divorced,primary,24113,unknown,1,3,unknown,1,0
57,admin,married,secondary,17477,cellular,7,1,success,1,1
18,technician,single,secondary,15266,cellular,18,6,failure,0,0
28,services,married,tertiary,18792,cellular,9,8,failure,0,0
45,management,divorced,tertiary,18452,cellular,29,6,unknown,0,1
42,blue-collar,single,primary,41526,unknown,3,5,failure,1,0
40,management,married,secondary,47079,telephone,8,9,success,0,1
48,technician,married,secondary,39334,telephone,29,0,success,0,0
47,management,married,secondary,9889,telephone,24,9,success,0,0
59,admin,single,tertiary,22335,unknown,19,8,unknown,1,1
52,technician,divorced,secondary,9254,cellular,4,4,failure,0,0
24,blue-collar,married,primary,19074,telephone,18,4,failure,0,0
33,admin,married,primary,9442,unknown,20,5,failure,0,0
43,technician,married,tertiary,44289,cellular,27,8,success,0,0
19,blue-collar,married,tertiary,35327,telephone,11,7,failure,0,0
18,admin,married,secondary,14199,cellular,27,7,success,1,0
29,admin,divorced,tertiary,5291,telephone,14,7,failure,0,0
22,technician,divorced,primary,38928,telephone,25,0,success,1,0
54,services,married,secondary,-1888,telephone,18,0,failure,0,1
49,admin,single,primary,19515,cellular,28,7,unknown,0,1
26,admin,divorced,secondary,17581,unknown,28,4,unknown,0,0
58,blue-collar,single,tertiary,46692,cellular,29,8,success,0,1
52,management,divorced,secondary,24500,telephone,16,1,success,0,1
36,technician,married,secondary,30026,cellular,3,8,failure,1,0
33,technician,divorced,primary,14523,unknown,15,7,failure,1,1
20,services,married,primary,-576,cellular,27,8,unknown,0,0
37,services,divorced,secondary,17552,unknown,27,3,failure,1,1
41,technician,married,tertiary,8808,unknown,4,0,success,0,0
50,services,married,tertiary,36811,cellular,5,0,success,1,0
41,blue-collar,married,primary,4989,telephone,17,4,success,0,1
28,technician,married,tertiary,21620,unknown,7,1,success,0,0
25,services,single,primary,37029,cellular,16,7,success,1,0
53,technician,married,tertiary,-1113,unknown,14,9,unknown,0,0
55,management,single,secondary,29802,telephone,26,4,unknown,0,0
57,admin,single,primary,17488,cellular,16,4,success,0,1
37,technician,married,primary,28013,cellular,7,1,failure,0,1
52,admin,single,secondary,47201,cellular,9,6,success,1,0
42,services,divorced,primary,14402,telephone,4,7,unknown,0,0
52,admin,married,tertiary,19205,unknown,22,9,success,1,1
42,technician,single,tertiary,24049,cellular,11,0,unknown,0,0
46,management,married,primary,10253,unknown,2,1,unknown,0,1
35,services,married,tertiary,16990,unknown,12,9,success,1,0
63,technician,married,primary,5846,telephone,12,3,success,0,0
35,services,single,secondary,23027,cellular,4,4,failure,1,0
19,blue-collar,divorced,primary,37200,unknown,18,1,unknown,0,0
52,admin,divorced,secondary,44220,cellular,26,0,failure,0,0
33,blue-collar,single,tertiary,44163,cellular,21,8,success,0,0
58,technician,married,secondary,1765,telephone,7,0,unknown,0,0
53,management,single,tertiary,49590,cellular,29,3,failure,0,0
50,services,single,primary,13950,cellular,1,1,failure,1,0
21,admin,single,tertiary,43270,unknown,26,3,failure,0,0
50,services,married,primary,7741,telephone,26,7,success,0,0
31,technician,single,primary,20742,cellular,23,7,success,0,0
38,services,married,secondary,22703,unknown,26,8,success,0,0
37,admin,single,secondary,36709,telephone,13,4,unknown,0,1
25,technician,divorced,secondary,35623,telephone,6,6,success,1,1
24,services,single,secondary,20931,unknown,6,2,unknown,1,0
20,management,single,tertiary,21580,unknown,12,9,failure,1,0
34,technician,divorced,tertiary,13166,unknown,8,3,failure,1,0
50,technician,married,tertiary,49913,unknown,24,9,success,0,1
29,management,married,primary,27240,unknown,22,8,failure,1,0
39,blue-collar,single,tertiary,23991,cellular,19,9,success,0,0
39,admin,divorced,tertiary,36556,cellular,5,9,unknown,0,1
63,blue-collar,married,tertiary,30969,telephone,18,0,failure,0,0
47,services,single,secondary,8561,cellular,5,1,success,0,0
55,management,divorced,tertiary,14901,cellular,25,4,failure,1,0
55,blue-collar,married,primary,38505,cellular,10,2,failure,0,1
62,technician,married,secondary,28020,unknown,1,1,success,1,0
25,services,divorced,primary,23917,telephone,10,0,failure,0,1
44,services,divorced,tertiary,-12,telephone,5,9,failure,0,1
44,blue-collar,divorced,secondary,46209,telephone,12,2,failure,1,0
51,blue-collar,divorced,primary,42505,telephone,22,0,failure,0,0
38,management,single,tertiary,12256,cellular,27,0,unknown,0,0
47,admin,divorced,primary,20192,cellular,7,0,failure,0,1
50,blue-collar,married,primary,26230,unknown,9,7,failure,0,1
45,blue-collar,married,primary,37930,telephone,22,2,success,0,0
64,technician,single,tertiary,43833,cellular,21,0,unknown,0,1
50,services,married,tertiary,20625,cellular,12,6,success,1,0
22,admin,married,primary,30088,unknown,23,9,success,1,0
36,technician,divorced,secondary,12114,unknown,29,2,success,1,1
21,management,married,secondary,39167,unknown,1,7,unknown,1,1
52,management,single,tertiary,36401,cellular,11,3,success,0,0
34,blue-collar,divorced,tertiary,3755,cellular,21,3,success,0,1
61,blue-collar,divorced,tertiary,8825,unknown,15,4,success,0,1
45,management,single,tertiary,20693,telephone,2,5,failure,0,1
47,blue-collar,divorced,tertiary,2117,unknown,20,6,success,1,1
46,admin,divorced,secondary,22729,unknown,7,3,unknown,0,1
63,blue-collar,single,tertiary,30182,unknown,21,7,unknown,0,0
23,services,divorced,primary,26890,unknown,12,5,failure,0,1
52,blue-collar,single,primary,27340,cellular,22,0,unknown,0,0
58,technician,single,secondary,-482,telephone,18,0,unknown,0,1
54,admin,married,primary,28949,unknown,3,8,failure,0,0
41,technician,married,secondary,20547,telephone,7,9,success,0,1
46,technician,divorced,secondary,14346,telephone,11,5,failure,0,0
63,services,divorced,primary,600,telephone,18,9,success,0,0
48,admin,single,tertiary,44005,unknown,12,7,success,0,0
52,admin,divorced,primary,49347,cellular,6,6,unknown,1,1
50,admin,single,primary,27267,unknown,5,5,failure,0,1
38,admin,single,secondary,34322,telephone,26,3,unknown,0,0
49,admin,divorced,primary,24990,telephone,1,6,unknown,1,1
40,services,single,secondary,14193,cellular,12,8,success,0,1
50,blue-collar,married,tertiary,28109,unknown,27,9,unknown,1,1
20,technician,divorced,tertiary,17233,telephone,26,9,failure,1,0
35,admin,married,tertiary,46021,cellular,11,6,unknown,0,1
42,blue-collar,divorced,primary,14194,telephone,4,0,unknown,1,0
59,blue-collar,single,secondary,32510,cellular,27,9,success,1,1
48,technician,divorced,tertiary,-694,cellular,18,8,failure,0,1
20,services,married,secondary,1849,unknown,4,3,unknown,0,1
57,management,single,secondary,10360,telephone,17,2,success,1,1
63,management,divorced,tertiary,43536,unknown,2,3,unknown,1,0
41,blue-collar,divorced,tertiary,27231,telephone,29,3,failure,0,0
49,technician,divorced,secondary,43800,unknown,24,9,unknown,0,0
64,management,married,tertiary,34963,telephone,22,1,unknown,1,0
39,blue-collar,married,secondary,49707,unknown,2,0,success,0,0
40,services,divorced,secondary,16689,cellular,12,9,unknown,0,1
19,management,single,tertiary,27084,telephone,6,0,success,1,1
44,blue-collar,single,primary,38387,telephone,10,7,failure,0,0
59,blue-collar,married,tertiary,7280,cellular,25,1,unknown,0,0
19,admin,single,primary,642,unknown,23,9,failure,1,0
43,services,married,secondary,40137,telephone,25,4,failure,1,0
34,admin,divorced,secondary,12296,telephone,21,3,unknown,0,0
57,technician,married,primary,13438,unknown,23,7,success,0,1
50,admin,married,secondary,46442,cellular,27,1,failure,0,0
26,admin,divorced,primary,35525,unknown,16,9,failure,1,1
60,management,single,primary,994,unknown,14,8,unknown,0,0
56,blue-collar,married,secondary,45994,unknown,7,6,unknown,0,1
46,services,married,primary,32039,telephone,28,6,unknown,0,1
59,admin,divorced,tertiary,-187,cellular,28,0,unknown,1,1
43,services,single,tertiary,25491,cellular,19,1,unknown,0,1
52,admin,married,secondary,16845,unknown,23,3,unknown,0,1
42,technician,divorced,secondary,39243,telephone,17,3,success,0,1
41,admin,married,primary,35164,unknown,9,2,failure,1,1
30,management,divorced,primary,40051,telephone,26,6,success,0,0
24,blue-collar,single,primary,11318,telephone,13,7,success,0,0
53,technician,single,primary,15200,telephone,22,1,unknown,0,0
62,admin,single,tertiary,-1918,telephone,5,3,failure,1,1
37,services,single,tertiary,-80,cellular,23,2,success,0,0
18,technician,married,secondary,38585,telephone,5,1,unknown,0,1
25,technician,married,primary,9683,telephone,10,5,unknown,0,1
63,admin,single,primary,9336,unknown,21,3,failure,1,0
33,technician,single,secondary,13596,unknown,27,5,success,0,0
31,services,single,primary,93,cellular,10,1,success,1,1
29,technician,married,primary,10905,unknown,27,3,success,1,0
40,services,single,primary,22351,telephone,7,5,unknown,0,1
32,admin,single,primary,28981,unknown,26,4,failure,0,0
45,blue-collar,single,primary,6367,cellular,15,2,failure,0,1
51,technician,divorced,secondary,3285,unknown,7,7,success,0,0
19,blue-collar,single,primary,41664,unknown,29,6,unknown,0,1
49,services,divorced,secondary,35705,cellular,27,2,success,0,0
40,technician,divorced,primary,14753,cellular,15,5,failure,1,0
39,management,single,tertiary,48970,telephone,3,3,unknown,0,0
42,blue-collar,divorced,tertiary,16485,unknown,19,4,success,1,0
39,technician,single,tertiary,10977,telephone,10,4,success,0,1
39,blue-collar,married,tertiary,17874,unknown,28,6,unknown,0,1
59,technician,married,secondary,48931,unknown,29,4,failure,1,0
23,admin,married,secondary,5674,telephone,15,2,unknown,0,0
32,blue-collar,married,primary,48516,unknown,3,9,success,1,0
60,management,divorced,tertiary,27038,unknown,6,4,success,0,1
54,management,single,secondary,27315,unknown,12,6,success,0,1
50,services,single,primary,1676,cellular,15,4,success,1,0
25,technician,single,primary,426,telephone,6,4,failure,0,1
61,blue-collar,married,secondary,22473,cellular,13,8,failure,0,1
61,services,married,tertiary,962,telephone,29,2,success,1,1
22,blue-collar,single,primary,27943,telephone,19,5,failure,0,1
56,technician,married,tertiary,-1141,unknown,3,0,failure,1,1
21,management,single,tertiary,42816,telephone,8,9,failure,1,1
23,admin,single,tertiary,2138,cellular,8,4,success,1,0
62,management,single,primary,33192,cellular,23,7,unknown,0,1
49,services,single,tertiary,23640,cellular,26,4,unknown,0,0
47,admin,single,primary,8409,telephone,20,8,unknown,1,0
64,services,single,tertiary,2017,cellular,15,5,success,0,0
52,technician,single,primary,8451,telephone,4,7,failure,0,1
57,admin,married,tertiary,26327,cellular,19,9,failure,0,0
33,services,single,secondary,8278,cellular,21,7,success,0,0
30,technician,single,tertiary,22944,telephone,3,2,success,1,0
59,management,married,tertiary,41764,cellular,13,6,unknown,1,0
47,technician,married,primary,-866,unknown,8,6,unknown,0,0
36,blue-collar,married,primary,28131,telephone,23,9,success,0,1
34,technician,single,tertiary,35887,telephone,16,5,unknown,1,1
36,technician,divorced,secondary,36462,telephone,13,6,failure,0,0
45,blue-collar,divorced,secondary,20520,unknown,3,1,success,1,1
43,services,married,primary,19869,telephone,16,8,success,0,1
54,services,divorced,secondary,34932,cellular,9,9,failure,0,0
43,technician,married,tertiary,49498,cellular,28,9,failure,0,1
40,blue-collar,single,primary,3039,cellular,14,0,failure,1,1
26,blue-collar,divorced,tertiary,19281,telephone,13,0,unknown,0,0
29,management,single,primary,45399,cellular,21,2,success,0,0
18,services,divorced,primary,8442,telephone,25,2,unknown,0,1
18,admin,single,primary,6252,cellular,7,0,failure,1,1
64,services,divorced,primary,25586,unknown,15,6,unknown,1,0
51,services,single,secondary,48489,unknown,7,3,failure,0,0
49,management,single,tertiary,15568,unknown,6,9,unknown,0,0
42,admin,divorced,tertiary,18810,unknown,2,1,unknown,0,1
57,management,single,tertiary,-449,telephone,9,9,failure,0,0
62,admin,single,primary,10625,cellular,22,4,unknown,0,0
18,technician,single,secondary,32397,unknown,24,5,success,0,1
33,admin,divorced,tertiary,48678,telephone,17,8,unknown,0,0
56,management,divorced,secondary,24249,unknown,5,3,unknown,0,0
22,services,single,primary,-639,unknown,12,1,success,0,0
39,admin,single,tertiary,24149,telephone,1,4,failure,1,1
46,admin,divorced,secondary,2370,telephone,10,2,success,0,0
20,blue-collar,divorced,primary,3283,cellular,11,1,unknown,0,1
29,services,single,secondary,5610,cellular,16,0,failure,0,0
43,technician,single,tertiary,41326,unknown,14,9,unknown,0,0
33,management,single,tertiary,12924,unknown,8,1,unknown,0,0
54,technician,married,primary,45607,cellular,24,5,success,1,0
39,services,divorced,primary,42717,cellular,17,7,success,0,1
46,admin,married,primary,8626,telephone,25,2,failure,0,0
31,admin,divorced,secondary,32761,cellular,18,8,failure,0,1
45,services,divorced,secondary,-1131,cellular,12,8,failure,1,0
22,admin,divorced,secondary,29552,unknown,25,1,unknown,0,1
64,admin,divorced,primary,-986,cellular,17,7,success,0,1
47,admin,divorced,tertiary,8103,unknown,28,9,success,0,1
63,management,divorced,tertiary,14986,cellular,26,4,success,0,0
22,management,divorced,secondary,42781,telephone,14,3,failure,1,0
29,blue-collar,married,secondary,28471,cellular,16,9,success,1,0
33,technician,single,tertiary,31458,cellular,14,4,success,0,1
43,services,single,tertiary,23069,cellular,9,3,success,0,0
43,services,married,secondary,14873,unknown,4,7,failure,1,1
38,services,married,secondary,21248,telephone,25,3,success,0,1
56,blue-collar,married,tertiary,21624,cellular,23,9,failure,0,0
53,management,married,primary,41516,unknown,11,5,success,1,1
50,blue-collar,divorced,secondary,27061,telephone,6,1,success,1,1
47,services,single,tertiary,22170,unknown,15,4,success,0,1
54,technician,divorced,tertiary,6024,unknown,5,5,failure,0,0
40,admin,single,tertiary,14678,telephone,11,4,failure,0,0
27,management,single,tertiary,36256,cellular,25,1,success,1,0
22,management,married,primary,18411,unknown,18,6,unknown,0,1
53,blue-collar,divorced,tertiary,41803,unknown,13,3,failure,0,1
51,management,married,secondary,17296,cellular,11,7,failure,0,0
48,services,divorced,primary,24293,cellular,14,6,success,0,1
27,services,single,tertiary,25172,telephone,28,6,unknown,0,0
36,blue-collar,married,primary,19128,telephone,18,8,success,0,1
49,services,married,secondary,16257,telephone,27,0,failure,0,1
18,technician,single,tertiary,10855,cellular,28,9,failure,0,1
22,blue-collar,single,secondary,17642,unknown,25,5,success,1,1
62,technician,single,tertiary,33585,unknown,28,5,success,0,0
21,admin,married,tertiary,18025,telephone,19,5,unknown,1,0
33,technician,divorced,tertiary,2458,cellular,24,5,unknown,1,1
41,admin,married,tertiary,3307,unknown,27,9,failure,0,0
33,admin,divorced,tertiary,39701,telephone,15,6,unknown,0,0
19,technician,married,primary,16425,unknown,9,9,unknown,1,1
45,blue-collar,married,tertiary,47831,unknown,8,5,failure,0,0
49,services,single,tertiary,41427,cellular,20,0,failure,0,1
44,services,divorced,primary,26273,cellular,28,2,failure,0,1
37,admin,married,primary,36506,unknown,1,1,failure,0,1
41,admin,married,primary,3668,telephone,4,5,success,1,1
29,blue-collar,single,primary,23934,cellular,14,7,failure,1,1
52,management,single,primary,45195,unknown,25,2,failure,1,1
50,technician,divorced,primary,5697,cellular,2,9,failure,0,1
50,admin,married,tertiary,22417,cellular,16,7,unknown,0,0
60,services,divorced,tertiary,14446,cellular,3,7,failure,0,1
54,blue-collar,married,secondary,38597,unknown,26,4,success,0,1
29,technician,divorced,tertiary,8751,telephone,8,7,success,0,0
20,blue-collar,single,tertiary,44218,telephone,6,5,failure,0,0
18,technician,married,primary,5352,telephone,16,4,success,0,1
50,technician,divorced,primary,11516,cellular,24,8,unknown,0,0
57,admin,single,tertiary,21299,unknown,16,6,failure,0,1
27,blue-collar,single,secondary,29957,cellular,7,7,success,0,1
60,blue-collar,divorced,primary,26927,telephone,13,0,success,0,0
61,services,married,tertiary,39094,telephone,13,1,failure,0,1
46,services,married,tertiary,34412,unknown,5,7,success,0,0
30,admin,single,secondary,27493,cellular,25,8,failure,1,1
29,admin,married,secondary,24711,telephone,20,3,success,1,0
48,management,married,primary,6003,unknown,22,9,unknown,1,1
63,services,married,secondary,29707,cellular,18,9,success,0,0
19,technician,single,tertiary,1278,cellular,15,8,success,0,0
52,blue-collar,divorced,tertiary,5296,telephone,18,3,failure,0,0
40,admin,married,secondary,23398,telephone,2,9,success,1,0
34,blue-collar,single,secondary,33842,cellular,10,9,failure,0,0
43,blue-collar,single,secondary,11261,cellular,23,9,unknown,1,0
25,management,divorced,secondary,9173,telephone,13,8,failure,0,0
46,services,married,primary,28449,cellular,18,6,failure,1,1
43,admin,married,secondary,39080,telephone,15,1,success,1,1
27,blue-collar,divorced,primary,-363,cellular,12,8,unknown,0,1
43,admin,divorced,tertiary,29781,telephone,15,3,failure,0,1
51,technician,single,secondary,11652,unknown,13,7,success,0,0
58,management,single,primary,3103,telephone,18,6,success,0,0
24,technician,divorced,secondary,23500,telephone,15,6,failure,0,0
21,admin,married,tertiary,47796,unknown,25,7,success,0,1
62,admin,single,tertiary,32800,cellular,23,0,failure,0,1
28,services,single,tertiary,33529,unknown,11,4,failure,0,0
46,blue-collar,married,secondary,45963,telephone,19,1,failure,0,0
53,blue-collar,single,secondary,16452,cellular,3,1,unknown,0,0
42,technician,married,primary,47393,unknown,7,0,failure,0,1
38,management,married,tertiary,29174,cellular,21,4,success,0,1
53,blue-collar,married,secondary,33436,cellular,26,1,unknown,1,0
27,services,divorced,tertiary,45406,unknown,14,3,success,0,0
54,technician,divorced,tertiary,13954,cellular,14,2,unknown,1,1
26,technician,divorced,primary,15186,unknown,22,2,unknown,0,1
41,services,married,primary,10356,telephone,13,1,unknown,0,0
52,management,married,primary,30963,cellular,12,5,unknown,0,1
52,services,divorced,primary,187,telephone,24,1,success,0,0
53,management,single,tertiary,9707,telephone,9,7,failure,0,1
35,services,married,primary,33098,cellular,1,7,success,0,1
56,services,single,primary,24935,unknown,19,4,failure,0,0
49,admin,single,primary,19225,cellular,11,9,success,0,0
41,technician,married,primary,1606,telephone,23,6,unknown,0,1
40,services,married,tertiary,30828,telephone,22,3,unknown,1,0
49,services,single,primary,24489,unknown,23,0,failure,0,1
54,blue-collar,single,tertiary,12387,cellular,24,1,failure,0,1
29,technician,divorced,secondary,1927,telephone,22,9,success,1,1
30,blue-collar,divorced,tertiary,4296,telephone,19,9,failure,0,0
40,technician,married,tertiary,28444,telephone,18,3,success,1,0
42,blue-collar,divorced,primary,44390,unknown,12,0,failure,0,1
52,services,divorced,secondary,44893,telephone,23,7,failure,0,0
58,services,divorced,secondary,591,telephone,28,8,failure,1,1
47,admin,divorced,secondary,42895,cellular,28,3,unknown,0,1
34,blue-collar,single,secondary,46516,cellular,28,9,unknown,1,0
37,management,married,tertiary,24147,telephone,27,2,success,0,1
42,admin,divorced,secondary,36889,telephone,1,1,failure,0,0
39,blue-collar,single,tertiary,-800,cellular,19,4,success,1,0
30,blue-collar,single,tertiary,13721,unknown,28,2,failure,0,1
36,admin,single,tertiary,17238,unknown,27,9,unknown,1,1
53,services,divorced,secondary,9087,unknown,20,6,unknown,0,0
29,blue-collar,divorced,primary,28816,unknown,29,5,failure,0,1
58,services,married,primary,21408,unknown,17,0,failure,0,0
36,admin,divorced,secondary,37740,unknown,5,7,unknown,1,0
29,services,divorced,primary,-1864,unknown,26,1,unknown,0,0
26,technician,single,primary,15413,unknown,3,4,success,0,1
24,management,married,tertiary,46114,cellular,2,8,unknown,1,0
45,blue-collar,divorced,tertiary,16978,unknown,3,7,failure,1,0
31,management,divorced,secondary,-1339,unknown,8,1,success,0,0
48,services,single,secondary,33240,unknown,16,8,failure,0,1
36,blue-collar,single,primary,25253,telephone,6,4,success,0,0
64,services,divorced,tertiary,24884,cellular,13,9,failure,0,0
33,technician,married,secondary,30854,cellular,23,5,unknown,0,0
22,admin,married,secondary,8704,cellular,28,2,failure,0,1
52,blue-collar,single,secondary,36987,unknown,22,2,success,0,1
29,technician,single,secondary,22527,unknown,22,9,failure,1,0
42,technician,divorced,secondary,14322,telephone,16,7,success,1,1
38,blue-collar,single,secondary,45517,cellular,28,9,failure,0,0
53,services,divorced,primary,4968,unknown,16,9,unknown,0,1
40,technician,married,tertiary,25518,cellular,3,1,unknown,0,0
33,management,married,tertiary,49925,telephone,28,1,failure,0,0
56,technician,divorced,secondary,44364,telephone,13,4,failure,1,0
62,services,single,tertiary,25886,telephone,14,5,failure,0,1
59,services,married,tertiary,-300,cellular,8,1,success,0,1
56,management,single,tertiary,26246,unknown,12,4,failure,0,0
31,technician,married,secondary,33468,unknown,23,6,failure,0,1
48,services,divorced,secondary,21199,telephone,23,9,success,0,0
22,blue-collar,divorced,tertiary,42589,unknown,22,9,unknown,0,0
52,admin,divorced,tertiary,30115,telephone,21,7,failure,0,0
40,admin,married,secondary,48799,cellular,26,6,failure,0,1
46,admin,single,primary,3520,telephone,8,7,unknown,1,1
60,technician,single,tertiary,42278,cellular,21,8,unknown,1,0
28,management,single,primary,34455,telephone,25,4,success,0,0
35,services,married,tertiary,47748,unknown,9,4,failure,0,0
64,blue-collar,married,primary,18929,unknown,1,9,failure,0,0
29,blue-collar,married,primary,39605,telephone,6,3,success,0,0
26,technician,married,primary,12955,unknown,23,8,unknown,0,0
27,admin,married,secondary,42049,unknown,19,4,success,0,0
61,technician,single,primary,11917,unknown,23,1,unknown,0,0
34,management,married,primary,2757,cellular,11,9,success,0,0
55,management,married,primary,11045,unknown,11,7,unknown,0,0
24,services,single,tertiary,39680,cellular,23,6,success,0,0
63,services,married,primary,2733,telephone,13,7,unknown,1,1
30,management,single,tertiary,28954,unknown,11,2,unknown,0,0
57,management,single,primary,29135,unknown,18,3,unknown,0,1
59,management,divorced,primary,5081,unknown,23,4,unknown,0,0
26,technician,divorced,secondary,39458,telephone,15,5,unknown,1,0
44,management,divorced,tertiary,21501,cellular,1,0,failure,1,0
19,blue-collar,divorced,primary,19113,cellular,21,3,unknown,1,0
22,admin,married,tertiary,32441,unknown,25,9,failure,0,0
46,management,divorced,tertiary,45086,telephone,7,4,unknown,0,1
54,admin,single,secondary,22690,telephone,23,6,failure,1,0
55,technician,married,secondary,41939,telephone,27,4,failure,0,0
36,admin,divorced,secondary,27345,telephone,13,0,success,0,1
25,technician,single,secondary,44313,telephone,12,6,unknown,1,0
62,blue-collar,married,secondary,42571,cellular,18,7,success,0,1
18,technician,married,secondary,24829,cellular,24,6,success,0,0
39,technician,divorced,secondary,33062,cellular,19,3,unknown,0,1
34,services,married,secondary,1630,unknown,15,7,success,0,0
24,management,single,primary,45861,telephone,8,4,unknown,0,0
42,management,married,tertiary,29870,unknown,19,9,success,0,1
62,blue-collar,single,secondary,47298,telephone,10,8,unknown,1,0
21,blue-collar,married,secondary,45221,cellular,7,9,unknown,0,0
53,management,divorced,tertiary,42942,unknown,18,4,unknown,1,1
23,services,single,primary,1453,cellular,16,0,failure,0,0
48,management,married,tertiary,35275,telephone,20,8,success,0,0
36,services,married,tertiary,41370,telephone,27,4,failure,1,1
61,blue-collar,married,secondary,36396,telephone,6,5,success,1,0
56,admin,single,tertiary,6328,cellular,27,3,success,0,1
44,blue-collar,single,tertiary,13534,telephone,9,5,success,1,1
27,blue-collar,single,secondary,17744,cellular,21,7,failure,1,0
43,technician,divorced,secondary,17389,unknown,13,2,success,1,0
36,technician,divorced,secondary,34320,telephone,25,4,failure,0,0
56,technician,single,secondary,47170,telephone,21,1,unknown,1,0
20,technician,married,tertiary,33010,telephone,26,1,success,1,1
62,services,divorced,tertiary,12665,unknown,8,6,success,1,0
30,management,single,primary,35865,telephone,16,9,unknown,0,0
45,admin,married,primary,6640,cellular,13,9,unknown,0,1
37,blue-collar,divorced,tertiary,32716,cellular,13,9,success,0,1
45,services,married,primary,23521,telephone,17,5,unknown,0,0
25,admin,married,tertiary,28049,telephone,23,3,failure,1,0
58,services,married,primary,3618,unknown,20,4,failure,0,1
56,services,married,secondary,35004,unknown,5,0,success,0,1
18,blue-collar,divorced,primary,-80,unknown,22,6,failure,1,1
20,management,divorced,secondary,41937,telephone,21,7,failure,0,0
30,technician,divorced,secondary,2188,unknown,28,8,success,0,0
45,management,single,secondary,10207,unknown,17,7,unknown,0,0
42,blue-collar,divorced,secondary,-1762,cellular,28,4,success,0,0
50,blue-collar,married,primary,30972,unknown,9,2,failure,0,1
55,blue-collar,divorced,tertiary,8799,cellular,2,9,success,1,1
23,admin,married,secondary,3552,cellular,25,8,success,0,1
61,management,single,primary,26916,unknown,26,5,failure,0,0
62,management,married,secondary,2927,cellular,18,4,failure,0,1
49,services,married,primary,25964,telephone,9,2,success,0,1
62,services,married,primary,9164,telephone,6,5,failure,0,1
64,services,single,primary,35158,unknown,11,2,failure,0,0
38,blue-collar,divorced,tertiary,17071,telephone,25,9,failure,0,0
33,management,divorced,primary,46409,cellular,29,5,failure,1,1
38,blue-collar,single,primary,4160,telephone,6,3,failure,0,0
28,admin,married,tertiary,13810,unknown,6,1,failure,0,1
54,services,divorced,tertiary,3126,unknown,13,7,unknown,1,0
53,blue-collar,single,primary,28009,cellular,11,3,success,0,1
52,blue-collar,divorced,tertiary,31584,unknown,14,8,failure,0,1
36,admin,single,secondary,44182,telephone,2,6,success,0,1
37,technician,married,secondary,23396,unknown,8,1,unknown,0,0
35,management,divorced,tertiary,-1808,cellular,3,3,failure,0,1
64,technician,single,tertiary,48928,unknown,23,4,success,0,1
58,services,divorced,primary,34413,telephone,21,2,failure,0,0
31,blue-collar,divorced,tertiary,10816,cellular,3,8,failure,0,1
32,admin,divorced,primary,37082,telephone,1,4,failure,0,0
48,admin,divorced,secondary,48940,cellular,24,1,failure,0,0
18,management,single,tertiary,30130,unknown,19,2,failure,1,0
20,technician,married,primary,38142,cellular,18,8,failure,1,1
33,management,single,primary,34468,cellular,17,6,failure,1,0
40,blue-collar,single,secondary,28698,unknown,20,1,unknown,0,1
28,management,single,tertiary,8655,telephone,29,8,unknown,0,0
29,admin,married,secondary,45897,unknown,24,3,failure,0,0
27,admin,divorced,primary,28075,cellular,13,8,failure,0,1
49,services,divorced,primary,7359,unknown,3,1,unknown,0,1
33,services,divorced,tertiary,34661,cellular,1,9,unknown,0,1
25,blue-collar,married,primary,37579,unknown,4,3,unknown,0,0
55,technician,divorced,tertiary,40056,unknown,25,4,failure,0,0
29,management,married,secondary,49831,telephone,13,1,success,1,1
41,blue-collar,divorced,tertiary,31272,cellular,17,9,success,0,1
45,services,divorced,tertiary,40581,telephone,28,0,success,0,0
25,management,single,primary,12671,cellular,11,6,success,0,0
45,services,married,primary,25048,unknown,2,9,failure,0,1
53,management,single,tertiary,8738,cellular,25,0,success,0,0
43,technician,single,primary,23963,telephone,16,7,unknown,0,1
25,blue-collar,single,primary,41954,telephone,2,2,unknown,0,0
45,management,married,primary,4773,telephone,29,9,success,1,0
45,admin,married,tertiary,34584,cellular,19,5,unknown,1,1
54,admin,divorced,primary,27894,telephone,23,6,failure,1,0
58,management,single,tertiary,-1283,telephone,19,9,success,1,0
53,management,divorced,primary,9676,telephone,25,0,success,0,1
44,management,single,secondary,2434,unknown,16,5,failure,0,0
34,admin,married,primary,47810,unknown,22,6,unknown,0,0
26,admin,married,primary,35825,cellular,19,5,failure,0,1
50,management,married,tertiary,27100,cellular,9,3,failure,0,0
37,services,single,tertiary,2994,telephone,1,0,unknown,1,0
30,services,married,primary,2234,unknown,10,8,failure,0,0
45,technician,single,secondary,1764,telephone,19,3,unknown,0,0
46,blue-collar,divorced,primary,41949,telephone,1,6,unknown,0,1
30,services,single,primary,35405,unknown,2,6,failure,1,1
63,admin,divorced,secondary,32872,unknown,16,1,unknown,0,0
52,services,single,tertiary,40215,unknown,12,0,failure,1,1
23,technician,divorced,primary,21185,cellular,8,7,unknown,1,1
35,technician,married,tertiary,41442,cellular,23,7,success,1,0
22,blue-collar,divorced,tertiary,49759,telephone,18,6,unknown,1,1
64,services,married,secondary,39153,cellular,2,7,unknown,1,0
42,admin,married,secondary,9999,unknown,25,2,failure,0,1
19,admin,divorced,tertiary,34487,unknown,29,1,unknown,0,1
27,management,single,primary,581,cellular,13,6,success,0,0
47,admin,single,tertiary,49717,telephone,6,7,success,0,0
62,blue-collar,single,primary,763,telephone,21,0,unknown,1,0
22,blue-collar,single,primary,25374,cellular,26,9,unknown,0,0
50,admin,single,secondary,36759,telephone,6,8,success,1,0
18,admin,married,primary,8531,telephone,9,3,failure,0,1
35,management,single,primary,23307,telephone,16,3,success,0,0
49,admin,married,tertiary,28835,unknown,11,2,success,1,0
64,management,married,secondary,9064,unknown,7,5,unknown,0,1
28,management,married,primary,9312,cellular,10,0,unknown,0,0
38,admin,divorced,primary,35548,unknown,10,5,success,0,1
43,technician,divorced,secondary,34945,telephone,25,1,failure,0,1
42,technician,married,tertiary,45937,unknown,20,8,success,0,0
39,management,divorced,secondary,4476,cellular,18,1,success,0,0
44,admin,single,secondary,49756,unknown,28,6,failure,0,0
30,technician,single,primary,22565,telephone,24,0,success,1,1
50,admin,married,primary,382,telephone,20,6,success,1,0
51,admin,single,tertiary,47683,cellular,29,4,unknown,0,1
58,admin,married,primary,20463,unknown,9,7,failure,0,1
52,services,married,primary,43276,unknown,15,3,unknown,1,0
18,admin,single,secondary,31402,unknown,4,9,unknown,0,1
38,services,divorced,primary,24345,telephone,8,6,failure,0,0
23,management,single,tertiary,42764,cellular,9,5,failure,0,1
45,technician,single,secondary,24946,unknown,13,4,success,1,0
34,technician,married,tertiary,12162,telephone,9,3,unknown,0,1
22,technician,married,secondary,47154,telephone,26,6,failure,0,0
48,technician,married,primary,44773,telephone,4,4,unknown,0,1
22,technician,married,secondary,6397,unknown,17,4,unknown,0,0
55,technician,divorced,secondary,20335,unknown,16,0,failure,0,0
20,technician,divorced,primary,43095,unknown,15,1,success,0,0
40,management,divorced,primary,12394,unknown,3,4,unknown,1,0
54,admin,married,tertiary,25197,unknown,25,2,failure,1,1
54,blue-collar,married,tertiary,20010,unknown,20,1,success,0,1
27,services,married,primary,22123,unknown,5,3,unknown,0,0
27,blue-collar,divorced,primary,20387,unknown,23,3,failure,0,0
36,blue-collar,married,primary,890,unknown,5,3,unknown,1,0
34,admin,single,secondary,25769,telephone,20,3,failure,1,0
38,admin,single,secondary,41626,unknown,15,2,failure,0,0
31,admin,married,secondary,6026,cellular,18,6,unknown,0,0
26,technician,single,primary,1306,telephone,15,8,unknown,1,0
63,management,single,tertiary,31665,unknown,2,4,failure,0,0
18,technician,divorced,primary,7277,cellular,29,3,success,0,1
62,management,married,secondary,40239,unknown,13,1,unknown,0,0
30,management,married,secondary,45664,cellular,4,1,failure,0,0
21,blue-collar,divorced,primary,46008,cellular,10,4,failure,0,1
18,blue-collar,single,primary,12683,cellular,13,6,success,1,1
57,management,single,secondary,-1330,cellular,10,9,success,0,0
49,management,married,secondary,21675,telephone,29,9,success,0,1
51,technician,single,secondary,15889,telephone,9,8,unknown,0,1
45,technician,divorced,primary,42535,cellular,8,6,failure,0,0
48,blue-collar,divorced,secondary,11006,unknown,3,4,failure,0,0
25,admin,married,secondary,46536,cellular,16,9,failure,0,0
56,management,divorced,tertiary,24531,telephone,14,9,success,1,0
43,technician,divorced,primary,19639,unknown,9,9,failure,0,0
51,blue-collar,married,tertiary,14633,telephone,21,5,unknown,0,1
20,technician,divorced,tertiary,32660,telephone,11,2,success,0,0
29,management,divorced,secondary,1439,unknown,3,4,success,0,0
18,management,divorced,primary,30172,cellular,5,7,success,1,0
61,services,single,secondary,33622,cellular,29,0,success,0,0
22,admin,married,primary,9577,cellular,10,0,unknown,1,1
47,services,married,tertiary,9763,cellular,13,6,failure,0,0
47,blue-collar,married,primary,18176,unknown,4,4,unknown,1,1
34,technician,single,secondary,42386,unknown,24,4,failure,0,0
64,blue-collar,single,secondary,22255,unknown,13,0,unknown,0,0
40,management,married,secondary,39003,telephone,12,8,success,0,1
32,services,single,primary,17996,unknown,5,0,success,0,0
54,services,married,tertiary,33386,cellular,10,4,unknown,1,0
38,services,single,tertiary,19062,telephone,28,9,unknown,1,1
31,blue-collar,divorced,primary,33931,cellular,24,8,failure,0,0
19,management,divorced,secondary,33710,cellular,9,3,unknown,0,1
28,technician,married,tertiary,32693,unknown,20,7,unknown,0,1
56,technician,single,secondary,33740,unknown,7,5,failure,1,0
55,blue-collar,single,primary,9705,cellular,2,2,failure,0,0
51,services,divorced,secondary,41408,cellular,22,3,failure,0,0
55,admin,divorced,tertiary,26047,telephone,24,1,unknown,0,0
51,blue-collar,single,tertiary,8966,unknown,28,0,failure,1,1
35,blue-collar,single,secondary,15374,telephone,23,7,success,0,1
47,management,single,primary,9138,telephone,7,0,success,1,0
32,technician,single,secondary,48964,telephone,8,0,success,1,0
44,blue-collar,single,primary,13935,cellular,7,3,unknown,0,0
51,blue-collar,single,secondary,43913,telephone,21,9,success,0,0
55,services,married,tertiary,-1511,telephone,23,9,unknown,1,1
50,services,single,primary,42516,cellular,29,5,unknown,0,0
41,admin,divorced,primary,20260,unknown,14,8,success,1,1
32,management,married,primary,24069,unknown,26,0,failure,0,1
47,admin,single,tertiary,17275,telephone,19,6,unknown,0,1
59,services,divorced,secondary,34284,cellular,5,9,success,1,0
34,technician,married,tertiary,37178,unknown,23,4,unknown,0,1
22,services,divorced,primary,30821,telephone,25,7,failure,0,1
46,management,single,secondary,49727,telephone,18,6,failure,1,1
21,services,single,tertiary,14999,cellular,20,3,success,0,0
27,management,single,primary,36712,telephone,12,3,unknown,0,0
34,management,single,primary,38172,unknown,23,5,unknown,0,1
27,management,married,tertiary,31722,cellular,17,5,unknown,1,0
34,management,married,tertiary,8625,unknown,13,8,unknown,1,0
37,management,divorced,tertiary,-371,unknown,2,4,success,0,1
41,technician,single,primary,8973,unknown,25,7,failure,1,0
22,admin,divorced,tertiary,4859,telephone,13,4,success,1,0
51,blue-collar,married,primary,39609,telephone,26,1,unknown,0,0
23,admin,single,tertiary,41307,unknown,7,5,unknown,0,1
19,management,single,primary,43450,unknown,28,8,failure,0,0
30,technician,married,primary,34046,cellular,10,2,unknown,0,1
60,services,married,secondary,19839,cellular,23,0,success,1,0
60,technician,married,tertiary,25216,telephone,6,0,success,1,0
28,management,married,tertiary,16945,telephone,3,2,failure,0,1
64,technician,married,primary,4539,cellular,26,9,success,0,0
40,technician,single,primary,47522,unknown,3,4,success,0,1
33,management,married,primary,31625,telephone,18,2,success,0,0
48,technician,single,secondary,2886,unknown,11,8,success,0,0
28,blue-collar,single,secondary,43713,cellular,22,7,unknown,0,0
33,blue-collar,married,primary,5485,telephone,20,2,success,0,0
25,technician,married,tertiary,29455,telephone,5,8,failure,0,1
21,services,single,tertiary,44448,cellular,19,5,failure,1,1
57,management,married,secondary,14767,telephone,22,6,success,0,0
21,blue-collar,married,secondary,45165,cellular,27,3,failure,0,0
42,services,married,primary,26453,telephone,28,3,success,0,1
20,technician,divorced,tertiary,8744,cellular,19,1,failure,0,0
49,services,single,primary,35102,telephone,15,4,failure,0,0
20,admin,divorced,secondary,49877,unknown,16,7,success,0,1
44,blue-collar,married,tertiary,10226,unknown,24,6,success,1,1
46,technician,divorced,tertiary,25869,unknown,9,6,unknown,0,1
49,management,married,secondary,20588,telephone,4,5,success,1,1
36,technician,divorced,primary,11440,telephone,15,2,success,1,1
38,management,married,primary,29709,unknown,25,4,unknown,1,0
22,technician,divorced,tertiary,45788,unknown,12,0,success,0,0
35,services,divorced,secondary,20495,cellular,23,6,success,1,0
45,services,divorced,tertiary,35019,cellular,3,8,unknown,0,1
59,services,single,secondary,42948,cellular,23,0,success,0,1
39,admin,divorced,primary,46908,unknown,14,1,success,1,1
38,management,single,secondary,-1078,unknown,17,2,unknown,0,1
23,services,married,primary,25526,unknown,19,2,unknown,0,1
18,admin,divorced,secondary,5957,cellular,6,7,failure,0,1
22,management,married,tertiary,46564,telephone,4,6,success,0,0
58,technician,married,primary,31998,unknown,7,5,failure,0,1
29,admin,divorced,tertiary,41395,telephone,19,9,failure,0,0
43,blue-collar,single,tertiary,22031,telephone,17,9,unknown,1,0
63,admin,divorced,primary,8006,telephone,25,3,success,1,1
51,admin,married,primary,35701,cellular,16,8,success,1,1
31,management,married,tertiary,45063,telephone,15,0,unknown,0,0
43,technician,divorced,tertiary,23939,unknown,22,1,failure,0,0
62,blue-collar,single,tertiary,47145,cellular,8,3,unknown,1,1
44,services,single,tertiary,18324,unknown,19,2,success,1,1
26,services,married,primary,20867,unknown,8,0,unknown,0,1
43,admin,married,primary,-1797,cellular,18,4,success,0,0
64,management,single,tertiary,14544,unknown,28,6,failure,0,0
39,management,divorced,secondary,13899,unknown,16,1,success,0,0
64,services,married,secondary,27063,cellular,20,4,failure,0,0
47,blue-collar,single,primary,23344,unknown,19,5,failure,1,0
60,technician,married,tertiary,1748,telephone,10,6,success,0,1
34,blue-collar,divorced,tertiary,37486,unknown,17,0,success,0,0
43,technician,single,primary,49733,telephone,13,6,failure,0,0
53,services,married,secondary,-907,unknown,13,3,unknown,0,0
18,technician,divorced,secondary,13228,cellular,7,7,success,0,0
25,management,married,secondary,18884,cellular,27,3,failure,0,1
52,admin,divorced,primary,23183,unknown,10,5,failure,0,1
32,admin,divorced,secondary,14034,cellular,2,8,unknown,1,1
64,services,single,primary,3710,unknown,4,4,success,0,0
39,management,divorced,primary,40500,cellular,25,3,failure,0,0
31,blue-collar,married,tertiary,17259,telephone,6,7,unknown,0,0
43,management,divorced,secondary,33959,unknown,24,8,failure,1,0
45,admin,divorced,primary,48989,telephone,18,3,success,0,1
40,admin,single,secondary,31457,telephone,23,2,unknown,1,0
31,management,divorced,secondary,18143,unknown,6,7,failure,0,1
41,management,divorced,tertiary,103,telephone,29,4,unknown,1,0
19,admin,married,secondary,-1635,unknown,25,1,success,1,1
62,blue-collar,single,tertiary,44778,telephone,23,9,unknown,0,1
43,services,single,primary,42535,unknown,17,8,success,0,1
31,services,single,secondary,14103,unknown,14,2,failure,0,0
24,management,divorced,primary,30510,cellular,24,1,success,1,1
20,services,single,secondary,22476,unknown,11,0,failure,0,1
64,admin,divorced,primary,10742,unknown,26,7,failure,0,0
40,admin,divorced,secondary,10391,telephone,19,2,success,1,0
63,management,married,secondary,34940,unknown,2,6,failure,1,1
60,management,married,secondary,26901,cellular,28,0,unknown,0,1
64,management,married,secondary,30001,telephone,3,0,failure,0,0
62,blue-collar,married,secondary,13623,telephone,11,8,success,0,0
35,services,married,secondary,378,cellular,6,7,unknown,0,1
55,management,divorced,secondary,48357,telephone,29,2,unknown,0,0
52,technician,divorced,secondary,19372,telephone,14,5,failure,0,0
32,technician,single,secondary,42799,telephone,19,2,failure,0,0
42,admin,divorced,primary,36437,telephone,26,3,success,1,1
54,services,divorced,tertiary,33503,cellular,16,0,unknown,0,0
45,management,married,secondary,28746,cellular,21,4,success,0,1
27,technician,divorced,tertiary,25923,telephone,22,0,failure,0,0
56,services,married,secondary,7867,telephone,24,0,unknown,0,1
34,admin,single,secondary,39258,cellular,7,9,success,0,1
56,blue-collar,single,primary,31724,cellular,27,6,success,0,0
39,services,divorced,primary,7306,cellular,8,5,success,1,0
43,services,single,tertiary,37391,telephone,19,1,success,0,0
61,blue-collar,divorced,primary,12908,telephone,20,1,success,0,0
42,services,single,primary,25081,unknown,16,6,unknown,1,1
34,admin,married,tertiary,48626,cellular,22,0,success,0,0
30,admin,married,primary,35228,telephone,27,1,unknown,1,1
37,blue-collar,married,secondary,21386,cellular,7,7,success,0,0
42,management,married,tertiary,44754,telephone,9,5,failure,1,0
21,technician,divorced,tertiary,43406,cellular,13,1,failure,0,0
27,management,single,secondary,26302,telephone,1,6,success,1,0
20,services,divorced,primary,17212,unknown,29,3,failure,1,0
58,technician,married,tertiary,33618,unknown,8,1,unknown,0,1
62,blue-collar,divorced,tertiary,44067,cellular,24,5,success,0,0
35,blue-collar,single,secondary,8698,telephone,22,8,unknown,1,0
64,technician,divorced,secondary,2594,telephone,4,8,success,0,1
53,admin,single,primary,23525,cellular,3,7,failure,0,1
64,technician,divorced,tertiary,12282,telephone,27,2,unknown,0,0
39,services,single,primary,47053,cellular,3,2,failure,1,1
51,admin,single,primary,12334,telephone,22,1,failure,0,0
64,blue-collar,married,secondary,27179,cellular,13,4,success,0,1
25,technician,single,tertiary,4644,telephone,8,3,unknown,0,1
57,management,married,tertiary,33618,cellular,7,6,failure,1,1
61,management,married,tertiary,45701,telephone,27,3,success,1,1
36,services,married,secondary,30933,unknown,1,8,success,1,0
59,management,divorced,secondary,41469,telephone,27,1,success,0,1
58,technician,divorced,secondary,31687,cellular,16,5,failure,1,0
54,technician,divorced,secondary,39073,unknown,6,6,success,0,0
23,management,divorced,secondary,15375,telephone,7,3,unknown,0,0
43,technician,single,tertiary,46483,unknown,12,5,unknown,0,1
51,services,single,primary,28926,telephone,23,6,failure,0,1
62,admin,divorced,tertiary,34607,unknown,9,3,unknown,1,0
23,services,single,primary,15642,cellular,27,7,success,0,1
54,services,single,secondary,21993,telephone,11,8,failure,0,1
50,technician,married,primary,42386,telephone,10,0,success,1,0
39,admin,married,tertiary,44287,cellular,21,6,failure,1,0
38,technician,married,tertiary,19188,unknown,1,8,failure,0,1
23,blue-collar,married,primary,30596,cellular,18,9,success,0,0
23,technician,single,secondary,25772,cellular,4,4,unknown,1,0
21,technician,divorced,secondary,28857,unknown,5,1,unknown,0,1
47,technician,single,tertiary,8776,cellular,9,9,failure,0,1
28,admin,single,primary,30835,telephone,27,5,success,0,1
47,technician,single,secondary,7788,telephone,17,6,success,0,1
48,admin,married,secondary,3660,telephone,3,1,failure,1,0
41,management,married,tertiary,2478,cellular,16,1,unknown,0,0
26,blue-collar,married,secondary,6210,telephone,5,9,success,0,1
20,admin,divorced,primary,8922,telephone,16,9,unknown,0,0
48,management,single,tertiary,34289,telephone,3,0,unknown,0,1
57,admin,divorced,tertiary,31340,telephone,20,3,failure,0,0
54,admin,married,primary,37850,telephone,15,6,failure,0,0
53,blue-collar,divorced,tertiary,36163,telephone,3,8,unknown,0,0
41,services,single,secondary,46175,cellular,20,2,success,0,1
48,services,single,secondary,16642,telephone,14,6,success,0,0
23,admin,married,primary,9094,telephone,16,6,failure,0,0
19,technician,married,secondary,20423,unknown,29,6,unknown,0,0
37,management,divorced,primary,31418,cellular,29,1,success,0,1
45,technician,married,primary,3741,cellular,17,5,success,1,0
28,technician,married,secondary,44049,cellular,28,1,failure,0,0
21,admin,single,primary,4838,cellular,24,5,unknown,0,0
32,admin,married,secondary,49739,telephone,20,9,success,0,1
23,admin,married,tertiary,1262,telephone,23,2,failure,1,0
47,admin,single,tertiary,48490,unknown,18,1,success,0,0
55,services,single,primary,2996,unknown,18,5,success,1,0
19,admin,divorced,secondary,42594,cellular,22,1,success,0,0
32,services,married,secondary,20164,unknown,14,4,failure,1,1
28,services,single,tertiary,33595,unknown,18,1,unknown,1,0
25,admin,divorced,tertiary,28257,cellular,15,2,failure,0,1
43,blue-collar,divorced,secondary,12211,cellular,15,2,unknown,0,1
62,management,married,primary,28453,unknown,6,5,success,0,0
61,technician,married,tertiary,3232,telephone,27,5,unknown,0,1
22,services,divorced,primary,217,unknown,15,9,success,0,1
23,management,single,primary,22229,unknown,18,2,success,0,1
43,blue-collar,divorced,tertiary,12232,telephone,4,2,failure,0,0
21,technician,married,primary,23613,telephone,23,0,success,0,0
36,technician,single,primary,12026,cellular,8,6,failure,0,0
37,services,single,secondary,26554,cellular,15,7,unknown,0,1
50,admin,divorced,primary,28908,unknown,3,1,unknown,0,0
37,blue-collar,married,secondary,17610,telephone,15,3,success,1,0
29,services,divorced,tertiary,44646,cellular,13,9,failure,0,0
64,blue-collar,divorced,tertiary,37605,unknown,9,6,success,1,0
18,admin,divorced,secondary,5031,telephone,2,7,failure,0,0
43,admin,single,tertiary,45574,unknown,24,0,failure,0,0
31,services,single,primary,23515,cellular,8,3,failure,0,0
55,admin,married,primary,34484,cellular,29,5,unknown,0,1
54,management,married,primary,34182,telephone,20,2,failure,1,0
28,technician,divorced,tertiary,48600,unknown,17,4,unknown,0,1
53,services,divorced,primary,-1430,telephone,13,9,failure,0,0
30,blue-collar,divorced,tertiary,30254,cellular,1,8,unknown,1,0
60,management,married,primary,17288,cellular,2,2,unknown,0,1
20,services,single,secondary,11288,unknown,15,4,unknown,1,1
50,admin,single,tertiary,27877,unknown,12,7,success,1,0
23,admin,divorced,tertiary,16889,unknown,14,5,failure,0,1
27,admin,divorced,primary,-1083,telephone,25,3,success,0,1
22,admin,divorced,tertiary,8066,unknown,29,7,failure,0,1
40,blue-collar,divorced,tertiary,27504,unknown,2,2,failure,0,0
27,management,married,secondary,4982,cellular,18,2,success,0,0
61,technician,single,secondary,37104,cellular,22,3,unknown,1,1
19,blue-collar,divorced,primary,16062,unknown,7,8,failure,1,1
